Timecode List:,00:00:02.878,00:00:05.756,00:00:07.424,00:00:09.259,00:00:11.220,00:00:16.683,00:00:18.602,00:00:22.356,00:00:29.029,00:00:31.573,00:00:36.078,00:00:47.089,00:00:49.424,00:00:51.843,00:00:53.387,00:00:58.350,00:01:00.269,00:01:24.084,00:01:26.461,00:01:27.546,00:01:29.631,00:01:31.133,00:01:32.801,00:01:34.052,00:01:37.681,00:01:41.059,00:01:43.270,00:01:49.651,00:01:53.864,00:01:55.657,00:01:59.286,00:02:02.122,00:02:07.836,00:02:10.672,00:02:13.091,00:02:14.343,00:02:14.968,00:02:18.388,00:02:21.391,00:02:22.559,00:02:24.186,00:02:28.023,00:02:28.607,00:02:30.025,00:02:31.276,00:02:32.944,00:02:33.862,00:02:34.446,00:02:35.655,00:02:36.573,00:02:38.450,00:02:40.869,00:02:41.578,00:02:42.704,00:02:44.122,00:02:44.706,00:02:45.457,00:02:46.958,00:02:48.502,00:02:49.252,00:02:51.129,00:02:51.713,00:02:52.381,00:02:54.091,00:02:55.300,00:02:58.345,00:03:02.432,00:03:04.309,00:03:06.228,00:03:07.688,00:03:08.355,00:03:08.980,00:03:10.273,00:03:10.941,00:03:12.317,00:03:13.443,00:03:14.403,00:03:15.987,00:03:16.571,00:03:17.781,00:03:18.698,00:03:19.282,00:03:23.203,00:03:23.787,00:03:26.039,00:03:27.916,00:03:33.046,00:03:36.925,00:03:38.301,00:03:39.928,00:03:41.596,00:03:42.472,00:03:43.849,00:03:44.766,00:03:45.475,00:03:46.726,00:03:49.354,00:03:51.189,00:03:53.900,00:03:56.695,00:03:58.447,00:04:02.909,00:04:04.744,00:04:05.745
Scene Number,Start Frame,Start Timecode,Start Time (seconds),End Frame,End Timecode,End Time (seconds),Length (frames),Length (timecode),Length (seconds)
1,0,00:00:00.000,0.000,69,00:00:02.878,2.878,69,00:00:02.878,2.878
2,69,00:00:02.878,2.878,138,00:00:05.756,5.756,69,00:00:02.878,2.878
3,138,00:00:05.756,5.756,178,00:00:07.424,7.424,40,00:00:01.668,1.668
4,178,00:00:07.424,7.424,222,00:00:09.259,9.259,44,00:00:01.835,1.835
5,222,00:00:09.259,9.259,269,00:00:11.220,11.220,47,00:00:01.960,1.960
6,269,00:00:11.220,11.220,400,00:00:16.683,16.683,131,00:00:05.464,5.464
7,400,00:00:16.683,16.683,446,00:00:18.602,18.602,46,00:00:01.919,1.919
8,446,00:00:18.602,18.602,536,00:00:22.356,22.356,90,00:00:03.754,3.754
9,536,00:00:22.356,22.356,696,00:00:29.029,29.029,160,00:00:06.673,6.673
10,696,00:00:29.029,29.029,757,00:00:31.573,31.573,61,00:00:02.544,2.544
11,757,00:00:31.573,31.573,865,00:00:36.078,36.078,108,00:00:04.504,4.504
12,865,00:00:36.078,36.078,1129,00:00:47.089,47.089,264,00:00:11.011,11.011
13,1129,00:00:47.089,47.089,1185,00:00:49.424,49.424,56,00:00:02.336,2.336
14,1185,00:00:49.424,49.424,1243,00:00:51.843,51.843,58,00:00:02.419,2.419
15,1243,00:00:51.843,51.843,1280,00:00:53.387,53.387,37,00:00:01.543,1.543
16,1280,00:00:53.387,53.387,1399,00:00:58.350,58.350,119,00:00:04.963,4.963
17,1399,00:00:58.350,58.350,1445,00:01:00.269,60.269,46,00:00:01.919,1.919
18,1445,00:01:00.269,60.269,2016,00:01:24.084,84.084,571,00:00:23.815,23.815
19,2016,00:01:24.084,84.084,2073,00:01:26.461,86.461,57,00:00:02.377,2.377
20,2073,00:01:26.461,86.461,2099,00:01:27.546,87.546,26,00:00:01.084,1.084
21,2099,00:01:27.546,87.546,2149,00:01:29.631,89.631,50,00:00:02.085,2.085
22,2149,00:01:29.631,89.631,2185,00:01:31.133,91.133,36,00:00:01.501,1.501
23,2185,00:01:31.133,91.133,2225,00:01:32.801,92.801,40,00:00:01.668,1.668
24,2225,00:01:32.801,92.801,2255,00:01:34.052,94.052,30,00:00:01.251,1.251
25,2255,00:01:34.052,94.052,2342,00:01:37.681,97.681,87,00:00:03.629,3.629
26,2342,00:01:37.681,97.681,2423,00:01:41.059,101.059,81,00:00:03.378,3.378
27,2423,00:01:41.059,101.059,2476,00:01:43.270,103.270,53,00:00:02.211,2.211
28,2476,00:01:43.270,103.270,2629,00:01:49.651,109.651,153,00:00:06.381,6.381
29,2629,00:01:49.651,109.651,2730,00:01:53.864,113.864,101,00:00:04.213,4.213
30,2730,00:01:53.864,113.864,2773,00:01:55.657,115.657,43,00:00:01.793,1.793
31,2773,00:01:55.657,115.657,2860,00:01:59.286,119.286,87,00:00:03.629,3.629
32,2860,00:01:59.286,119.286,2928,00:02:02.122,122.122,68,00:00:02.836,2.836
33,2928,00:02:02.122,122.122,3065,00:02:07.836,127.836,137,00:00:05.714,5.714
34,3065,00:02:07.836,127.836,3133,00:02:10.672,130.672,68,00:00:02.836,2.836
35,3133,00:02:10.672,130.672,3191,00:02:13.091,133.091,58,00:00:02.419,2.419
36,3191,00:02:13.091,133.091,3221,00:02:14.343,134.343,30,00:00:01.251,1.251
37,3221,00:02:14.343,134.343,3236,00:02:14.968,134.968,15,00:00:00.626,0.626
38,3236,00:02:14.968,134.968,3318,00:02:18.388,138.388,82,00:00:03.420,3.420
39,3318,00:02:18.388,138.388,3390,00:02:21.391,141.391,72,00:00:03.003,3.003
40,3390,00:02:21.391,141.391,3418,00:02:22.559,142.559,28,00:00:01.168,1.168
41,3418,00:02:22.559,142.559,3457,00:02:24.186,144.186,39,00:00:01.627,1.627
42,3457,00:02:24.186,144.186,3549,00:02:28.023,148.023,92,00:00:03.837,3.837
43,3549,00:02:28.023,148.023,3563,00:02:28.607,148.607,14,00:00:00.584,0.584
44,3563,00:02:28.607,148.607,3597,00:02:30.025,150.025,34,00:00:01.418,1.418
45,3597,00:02:30.025,150.025,3627,00:02:31.276,151.276,30,00:00:01.251,1.251
46,3627,00:02:31.276,151.276,3667,00:02:32.944,152.944,40,00:00:01.668,1.668
47,3667,00:02:32.944,152.944,3689,00:02:33.862,153.862,22,00:00:00.918,0.918
48,3689,00:02:33.862,153.862,3703,00:02:34.446,154.446,14,00:00:00.584,0.584
49,3703,00:02:34.446,154.446,3732,00:02:35.655,155.655,29,00:00:01.210,1.210
50,3732,00:02:35.655,155.655,3754,00:02:36.573,156.573,22,00:00:00.918,0.918
51,3754,00:02:36.573,156.573,3799,00:02:38.450,158.450,45,00:00:01.877,1.877
52,3799,00:02:38.450,158.450,3857,00:02:40.869,160.869,58,00:00:02.419,2.419
53,3857,00:02:40.869,160.869,3874,00:02:41.578,161.578,17,00:00:00.709,0.709
54,3874,00:02:41.578,161.578,3901,00:02:42.704,162.704,27,00:00:01.126,1.126
55,3901,00:02:42.704,162.704,3935,00:02:44.122,164.122,34,00:00:01.418,1.418
56,3935,00:02:44.122,164.122,3949,00:02:44.706,164.706,14,00:00:00.584,0.584
57,3949,00:02:44.706,164.706,3967,00:02:45.457,165.457,18,00:00:00.751,0.751
58,3967,00:02:45.457,165.457,4003,00:02:46.958,166.958,36,00:00:01.501,1.501
59,4003,00:02:46.958,166.958,4040,00:02:48.502,168.502,37,00:00:01.543,1.543
60,4040,00:02:48.502,168.502,4058,00:02:49.252,169.252,18,00:00:00.751,0.751
61,4058,00:02:49.252,169.252,4103,00:02:51.129,171.129,45,00:00:01.877,1.877
62,4103,00:02:51.129,171.129,4117,00:02:51.713,171.713,14,00:00:00.584,0.584
63,4117,00:02:51.713,171.713,4133,00:02:52.381,172.381,16,00:00:00.667,0.667
64,4133,00:02:52.381,172.381,4174,00:02:54.091,174.091,41,00:00:01.710,1.710
65,4174,00:02:54.091,174.091,4203,00:02:55.300,175.300,29,00:00:01.210,1.210
66,4203,00:02:55.300,175.300,4276,00:02:58.345,178.345,73,00:00:03.045,3.045
67,4276,00:02:58.345,178.345,4374,00:03:02.432,182.432,98,00:00:04.087,4.087
68,4374,00:03:02.432,182.432,4419,00:03:04.309,184.309,45,00:00:01.877,1.877
69,4419,00:03:04.309,184.309,4465,00:03:06.228,186.228,46,00:00:01.919,1.919
70,4465,00:03:06.228,186.228,4500,00:03:07.688,187.688,35,00:00:01.460,1.460
71,4500,00:03:07.688,187.688,4516,00:03:08.355,188.355,16,00:00:00.667,0.667
72,4516,00:03:08.355,188.355,4531,00:03:08.980,188.980,15,00:00:00.626,0.626
73,4531,00:03:08.980,188.980,4562,00:03:10.273,190.273,31,00:00:01.293,1.293
74,4562,00:03:10.273,190.273,4578,00:03:10.941,190.941,16,00:00:00.667,0.667
75,4578,00:03:10.941,190.941,4611,00:03:12.317,192.317,33,00:00:01.376,1.376
76,4611,00:03:12.317,192.317,4638,00:03:13.443,193.443,27,00:00:01.126,1.126
77,4638,00:03:13.443,193.443,4661,00:03:14.403,194.403,23,00:00:00.959,0.959
78,4661,00:03:14.403,194.403,4699,00:03:15.987,195.987,38,00:00:01.585,1.585
79,4699,00:03:15.987,195.987,4713,00:03:16.571,196.571,14,00:00:00.584,0.584
80,4713,00:03:16.571,196.571,4742,00:03:17.781,197.781,29,00:00:01.210,1.210
81,4742,00:03:17.781,197.781,4764,00:03:18.698,198.698,22,00:00:00.918,0.918
82,4764,00:03:18.698,198.698,4778,00:03:19.282,199.282,14,00:00:00.584,0.584
83,4778,00:03:19.282,199.282,4872,00:03:23.203,203.203,94,00:00:03.921,3.921
84,4872,00:03:23.203,203.203,4886,00:03:23.787,203.787,14,00:00:00.584,0.584
85,4886,00:03:23.787,203.787,4940,00:03:26.039,206.039,54,00:00:02.252,2.252
86,4940,00:03:26.039,206.039,4985,00:03:27.916,207.916,45,00:00:01.877,1.877
87,4985,00:03:27.916,207.916,5108,00:03:33.046,213.046,123,00:00:05.130,5.130
88,5108,00:03:33.046,213.046,5201,00:03:36.925,216.925,93,00:00:03.879,3.879
89,5201,00:03:36.925,216.925,5234,00:03:38.301,218.301,33,00:00:01.376,1.376
90,5234,00:03:38.301,218.301,5273,00:03:39.928,219.928,39,00:00:01.627,1.627
91,5273,00:03:39.928,219.928,5313,00:03:41.596,221.596,40,00:00:01.668,1.668
92,5313,00:03:41.596,221.596,5334,00:03:42.472,222.472,21,00:00:00.876,0.876
93,5334,00:03:42.472,222.472,5367,00:03:43.849,223.849,33,00:00:01.376,1.376
94,5367,00:03:43.849,223.849,5389,00:03:44.766,224.766,22,00:00:00.918,0.918
95,5389,00:03:44.766,224.766,5406,00:03:45.475,225.475,17,00:00:00.709,0.709
96,5406,00:03:45.475,225.475,5436,00:03:46.726,226.726,30,00:00:01.251,1.251
97,5436,00:03:46.726,226.726,5499,00:03:49.354,229.354,63,00:00:02.628,2.628
98,5499,00:03:49.354,229.354,5543,00:03:51.189,231.189,44,00:00:01.835,1.835
99,5543,00:03:51.189,231.189,5608,00:03:53.900,233.900,65,00:00:02.711,2.711
100,5608,00:03:53.900,233.900,5675,00:03:56.695,236.695,67,00:00:02.794,2.794
101,5675,00:03:56.695,236.695,5717,00:03:58.447,238.447,42,00:00:01.752,1.752
102,5717,00:03:58.447,238.447,5824,00:04:02.909,242.909,107,00:00:04.463,4.463
103,5824,00:04:02.909,242.909,5868,00:04:04.744,244.744,44,00:00:01.835,1.835
104,5868,00:04:04.744,244.744,5892,00:04:05.745,245.745,24,00:00:01.001,1.001
105,5892,00:04:05.745,245.745,5915,00:04:06.705,246.705,23,00:00:00.959,0.959
